image: /tmp/map.pgm
resolution: 0.050000
origin: [-15.368376, -13.793199, 0.000000]
negate: 0
occupied_thresh: 0.65
free_thresh: 0.196

